0.00 4.63 0
0.05 3.94 0
0.10 4.35 0
0.15 4.40 0
0.20 4.40 0
0.25 4.43 0
0.30 3.95 0
0.35 4.70 0
0.40 4.23 0
0.45 4.25 0
0.50 4.51 0
0.55 4.49 0
0.60 3.97 0
0.65 4.66 0
0.70 4.65 0
0.75 4.05 0
0.80 4.23 0
0.85 4.68 0
0.90 4.09 0
0.95 4.39 0
1.00 3.94 0
1.05 4.16 0
1.10 4.45 0
1.15 4.22 0
1.20 4.13 0
1.25 4.62 0
1.30 4.24 0
1.35 4.22 0
1.40 4.64 0
1.45 4.07 0
1.50 3.96 0
1.55 4.08 0
1.60 4.63 0
1.65 4.33 0
1.70 4.56 0
1.75 4.53 0
1.80 4.21 0
1.85 4.01 0
1.90 4.66 0
1.95 4.36 0
2.00 4.23 0
2.05 4.12 0
2.10 4.21 0
2.15 4.31 0
2.20 4.30 0
2.25 4.35 0
2.30 4.55 0
2.35 4.12 0
2.40 4.05 0
2.45 4.25 0
2.50 4.35 0
2.55 4.51 0
2.60 4.22 0
2.65 4.24 0
2.70 4.33 0
2.75 4.21 0
2.80 3.95 0
2.85 3.93 0
2.90 4.12 0
2.95 4.65 0
3.00 4.06 0
3.05 4.18 0
3.10 4.66 0
3.15 4.12 0
3.20 4.63 0
3.25 4.68 0
3.30 4.63 0
3.35 4.38 0
3.40 3.95 0
3.45 4.66 0
3.50 4.43 0
3.55 4.69 0
3.60 4.67 0
3.65 4.69 0
3.70 4.12 0
3.75 14.37 0
3.80 4.10 0
3.85 4.45 0
3.90 4.09 0
3.95 4.03 0
4.00 4.12 0
4.05 4.13 0
4.10 4.15 0
4.15 3.95 0
4.20 4.04 0
4.25 4.43 0
4.30 4.64 0
4.35 3.96 0
4.40 4.09 0
4.45 4.28 0
4.50 4.40 0
4.55 3.97 0
4.60 4.41 0
4.65 4.54 0
4.70 3.96 0
4.75 4.64 0
4.80 4.44 0
4.85 4.31 0
4.90 4.18 0
4.95 4.02 0
5.00 4.00 0
5.05 4.20 0
5.10 4.06 0
5.15 4.67 0
5.20 15.59 0
5.25 4.37 0
5.30 4.63 0
5.35 4.10 0
5.40 4.04 0
5.45 4.25 0
5.50 3.93 0
5.55 4.28 0
5.60 3.92 0
5.65 4.34 0
5.70 3.92 0
5.75 4.18 0
5.80 3.91 0
5.85 4.33 0
5.90 3.99 0
5.95 4.16 0
6.00 1.44 1
6.05 1.58 1
6.10 1.54 1
6.15 1.64 1
6.20 1.79 1
6.25 1.35 1
6.30 0.20 1
6.35 1.87 1
6.40 1.72 1
6.45 1.61 1
6.50 0.13 1
6.55 1.75 1
6.60 1.82 1
6.65 1.87 1
6.70 1.71 1
6.75 1.87 1
6.80 1.43 1
6.85 1.44 1
6.90 1.31 1
6.95 1.60 1
7.00 1.42 1
7.05 1.77 1
7.10 1.75 1
7.15 1.61 1
7.20 1.84 1
7.25 1.59 1
7.30 1.86 1
7.35 1.58 1
7.40 1.49 1
7.45 1.46 1
7.50 1.85 1
7.55 1.52 1
7.60 1.35 1
7.65 1.89 1
7.70 1.45 1
7.75 1.40 1
7.80 1.55 1
7.85 1.38 1
7.90 1.79 1
7.95 1.73 1
8.00 1.59 1
8.05 1.36 1
8.10 1.64 1
8.15 1.44 1
8.20 1.48 1
8.25 1.72 1
8.30 1.67 1
8.35 1.76 1
8.40 1.62 1
8.45 1.54 1
8.50 1.82 1
8.55 0.19 1
8.60 1.63 1
8.65 1.35 1
8.70 1.57 1
8.75 1.77 1
8.80 1.33 1
8.85 1.63 1
8.90 1.69 1
8.95 1.48 1
9.00 1.76 1
9.05 1.43 1
9.10 1.36 1
9.15 1.84 1
9.20 1.74 1
9.25 1.45 1
9.30 1.62 1
9.35 1.39 1
9.40 1.70 1
9.45 1.63 1
9.50 1.41 1
9.55 1.60 1
9.60 1.64 1
9.65 1.43 1
9.70 1.58 1
9.75 1.63 1
9.80 1.31 1
9.85 1.87 1
9.90 1.33 1
9.95 1.55 1
10.00 0.17 1
10.05 1.32 1
10.10 1.53 1
10.15 1.37 1
10.20 1.57 1
10.25 1.57 1
10.30 1.58 1
10.35 1.58 1
10.40 1.42 1
10.45 1.49 1
10.50 1.78 1
10.55 1.50 1
10.60 1.78 1
10.65 1.86 1
10.70 1.48 1
10.75 1.58 1
10.80 1.51 1
10.85 1.69 1
10.90 1.80 1
10.95 1.65 1
11.00 1.65 1
11.05 1.80 1
11.10 1.75 1
11.15 1.42 1
11.20 1.59 1
11.25 1.57 1
11.30 1.38 1
11.35 1.43 1
11.40 1.89 1
11.45 1.36 1
11.50 1.83 1
11.55 1.62 1
11.60 1.39 1
11.65 1.40 1
11.70 0.05 1
11.75 1.61 1
11.80 1.51 1
11.85 1.63 1
11.90 1.35 1
11.95 1.31 1
12.00 1.43 1
12.05 1.44 1
12.10 1.54 1
12.15 1.33 1
12.20 1.88 1
12.25 1.40 1
12.30 1.45 1
12.35 1.46 1
12.40 1.84 1
12.45 1.80 1
12.50 1.90 1
12.55 1.74 1
12.60 1.31 1
12.65 0.12 1
12.70 1.42 1
12.75 1.62 1
12.80 1.53 1
12.85 1.85 1
12.90 1.78 1
12.95 1.50 1
13.00 1.33 1
13.05 1.88 1
13.10 1.88 1
13.15 1.57 1
13.20 1.85 1
13.25 0.02 1
13.30 1.79 1
13.35 1.36 1
13.40 1.88 1
13.45 1.50 1
13.50 1.84 1
13.55 1.61 1
13.60 1.77 1
13.65 1.44 1
13.70 1.35 1
13.75 1.68 1
13.80 1.60 1
13.85 1.33 1
13.90 1.43 1
13.95 1.85 1
14.00 1.73 1
14.05 1.42 1
14.10 1.41 1
14.15 1.46 1
14.20 1.62 1
14.25 1.69 1
14.30 1.77 1
14.35 0.09 1
14.40 1.86 1
14.45 1.55 1
14.50 1.66 1
14.55 1.37 1
14.60 1.42 1
14.65 1.31 1
14.70 1.69 1
14.75 1.56 1
14.80 1.77 1
14.85 1.60 1
14.90 1.69 1
14.95 1.44 1
15.00 1.67 1
15.05 1.55 1
15.10 1.46 1
15.15 1.58 1
15.20 1.40 1
15.25 1.56 1
15.30 1.61 1
15.35 1.45 1
15.40 1.61 1
15.45 1.88 1
15.50 1.88 1
15.55 1.64 1
15.60 1.67 1
15.65 1.80 1
15.70 1.58 1
15.75 1.53 1
15.80 1.36 1
15.85 1.31 1
15.90 1.54 1
15.95 1.54 1
16.00 3.94 0
16.05 4.30 0
16.10 4.63 0
16.15 4.10 0
16.20 4.44 0
16.25 4.16 0
16.30 4.40 0
16.35 17.03 0
16.40 4.15 0
16.45 4.65 0
16.50 17.43 0
16.55 3.92 0
16.60 4.68 0
16.65 4.65 0
16.70 4.04 0
16.75 4.08 0
16.80 4.66 0
16.85 4.57 0
16.90 4.47 0
16.95 4.65 0
17.00 4.61 0
17.05 4.60 0
17.10 4.03 0
17.15 4.63 0
17.20 4.51 0
17.25 4.05 0
17.30 4.28 0
17.35 3.98 0
17.40 3.91 0
17.45 4.22 0
17.50 4.50 0
17.55 4.11 0
17.60 4.11 0
17.65 4.45 0
17.70 4.68 0
17.75 4.05 0
17.80 4.19 0
17.85 4.60 0
17.90 4.30 0
17.95 4.50 0
18.00 4.23 0
18.05 4.30 0
18.10 4.24 0
18.15 4.05 0
18.20 4.40 0
18.25 4.19 0
18.30 4.21 0
18.35 4.56 0
18.40 4.16 0
18.45 4.52 0
18.50 4.69 0
18.55 3.95 0
18.60 4.09 0
18.65 4.41 0
18.70 4.18 0
18.75 4.07 0
18.80 4.50 0
18.85 4.68 0
18.90 4.09 0
18.95 4.40 0
19.00 4.66 0
19.05 4.22 0
19.10 4.60 0
19.15 3.91 0
19.20 4.20 0
19.25 4.17 0
19.30 4.51 0
19.35 4.45 0
19.40 4.36 0
19.45 4.54 0
19.50 3.95 0
19.55 4.54 0
19.60 4.20 0
19.65 4.09 0
19.70 4.49 0
19.75 4.66 0
19.80 4.52 0
19.85 4.18 0
19.90 4.22 0
19.95 4.45 0
20.00 4.12 0
20.05 3.93 0
20.10 4.08 0
20.15 4.42 0
20.20 4.13 0
20.25 4.67 0
20.30 4.19 0
20.35 4.09 0
20.40 4.56 0
20.45 3.90 0
20.50 4.69 0
20.55 4.47 0
20.60 4.09 0
20.65 4.24 0
20.70 4.37 0
20.75 4.04 0
20.80 4.50 0
20.85 4.15 0
20.90 12.52 0
20.95 3.95 0
21.00 4.54 0
21.05 4.36 0
21.10 4.20 0
21.15 4.38 0
21.20 3.92 0
21.25 4.06 0
21.30 4.20 0
21.35 4.40 0
21.40 4.54 0
21.45 14.71 0
21.50 4.65 0
21.55 3.91 0
21.60 4.59 0
21.65 4.07 0
21.70 4.18 0
21.75 4.17 0
21.80 4.14 0
21.85 4.37 0
21.90 4.23 0
21.95 4.19 0
22.00 0.13 1
22.05 1.44 1
22.10 1.66 1
22.15 1.58 1
22.20 1.53 1
22.25 0.10 1
22.30 1.43 1
22.35 1.34 1
22.40 1.36 1
22.45 1.44 1
22.50 1.39 1
22.55 1.76 1
22.60 1.42 1
22.65 1.59 1
22.70 1.76 1
22.75 1.32 1
22.80 1.67 1
22.85 1.89 1
22.90 1.70 1
22.95 1.88 1
23.00 1.64 1
23.05 1.63 1
23.10 1.40 1
23.15 1.48 1
23.20 1.41 1
23.25 1.61 1
23.30 1.49 1
23.35 1.62 1
23.40 1.41 1
23.45 1.56 1
23.50 1.71 1
23.55 1.45 1
23.60 1.84 1
23.65 1.88 1
23.70 1.40 1
23.75 1.43 1
23.80 1.65 1
23.85 1.85 1
23.90 1.68 1
23.95 1.33 1
24.00 1.38 1
24.05 1.87 1
24.10 1.77 1
24.15 1.73 1
24.20 1.70 1
24.25 1.86 1
24.30 1.32 1
24.35 1.78 1
24.40 1.89 1
24.45 1.59 1
24.50 1.75 1
24.55 1.35 1
24.60 1.89 1
24.65 1.76 1
24.70 1.58 1
24.75 1.47 1
24.80 1.89 1
24.85 1.66 1
24.90 1.83 1
24.95 1.78 1
25.00 1.65 1
25.05 1.52 1
25.10 1.71 1
25.15 1.58 1
25.20 1.52 1
25.25 1.49 1
25.30 1.58 1
25.35 1.37 1
25.40 1.34 1
25.45 0.15 1
25.50 1.76 1
25.55 1.49 1
25.60 1.57 1
25.65 1.87 1
25.70 1.74 1
25.75 1.51 1
25.80 1.37 1
25.85 1.42 1
25.90 1.68 1
25.95 1.79 1
26.00 1.47 1
26.05 1.75 1
26.10 0.07 1
26.15 1.36 1
26.20 1.41 1
26.25 1.80 1
26.30 1.30 1
26.35 1.80 1
26.40 1.88 1
26.45 1.59 1
26.50 1.37 1
26.55 1.71 1
26.60 1.68 1
26.65 1.90 1
26.70 1.49 1
26.75 1.85 1
26.80 1.80 1
26.85 1.33 1
26.90 1.90 1
26.95 1.68 1
27.00 1.71 1
27.05 0.10 1
27.10 1.71 1
27.15 1.82 1
27.20 1.76 1
27.25 1.85 1
27.30 1.63 1
27.35 1.36 1
27.40 1.43 1
27.45 1.61 1
27.50 1.54 1
27.55 1.73 1
27.60 1.65 1
27.65 1.82 1
27.70 1.79 1
27.75 0.10 1
27.80 1.74 1
27.85 0.20 1
27.90 1.54 1
27.95 1.44 1
28.00 1.80 1
28.05 1.48 1
28.10 1.75 1
28.15 1.46 1
28.20 1.90 1
28.25 1.36 1
28.30 1.49 1
28.35 1.37 1
28.40 1.64 1
28.45 1.70 1
28.50 1.86 1
28.55 1.83 1
28.60 1.84 1
28.65 1.45 1
28.70 1.34 1
28.75 1.61 1
28.80 1.78 1
28.85 1.72 1
28.90 1.62 1
28.95 1.49 1
29.00 1.87 1
29.05 1.33 1
29.10 1.89 1
29.15 1.36 1
29.20 1.32 1
29.25 1.44 1
29.30 1.45 1
29.35 1.41 1
29.40 1.78 1
29.45 1.64 1
29.50 1.83 1
29.55 1.87 1
29.60 1.36 1
29.65 1.48 1
29.70 1.41 1
29.75 1.42 1
29.80 1.46 1
29.85 1.54 1
29.90 1.63 1
29.95 1.42 1
30.00 1.59 1
30.05 1.43 1
30.10 1.47 1
30.15 1.67 1
30.20 1.49 1
30.25 1.66 1
30.30 1.49 1
30.35 1.77 1
30.40 1.82 1
30.45 1.60 1
30.50 1.69 1
30.55 1.61 1
30.60 1.41 1
30.65 1.74 1
30.70 1.41 1
30.75 1.89 1
30.80 1.51 1
30.85 1.50 1
30.90 1.40 1
30.95 1.47 1
31.00 1.60 1
31.05 1.87 1
31.10 1.67 1
31.15 1.40 1
31.20 1.63 1
31.25 1.32 1
31.30 1.71 1
31.35 1.51 1
31.40 1.51 1
31.45 1.73 1
31.50 1.64 1
31.55 1.79 1
31.60 1.49 1
31.65 1.44 1
31.70 1.66 1
31.75 1.43 1
31.80 1.43 1
31.85 1.74 1
31.90 1.51 1
31.95 1.59 1
32.00 4.67 0
32.05 4.69 0
32.10 4.03 0
32.15 4.19 0
32.20 4.19 0
32.25 4.47 0
32.30 4.34 0
32.35 4.09 0
32.40 4.32 0
32.45 3.99 0
32.50 4.23 0
32.55 4.35 0
32.60 4.24 0
32.65 4.57 0
32.70 4.43 0
32.75 4.04 0
32.80 4.30 0
32.85 4.27 0
32.90 4.27 0
32.95 4.44 0
33.00 4.41 0
33.05 3.93 0
33.10 4.41 0
33.15 4.13 0
33.20 4.45 0
33.25 4.58 0
33.30 4.69 0
33.35 4.40 0
33.40 4.01 0
33.45 3.94 0
33.50 4.33 0
33.55 4.09 0
33.60 4.27 0
33.65 4.64 0
33.70 4.02 0
33.75 4.63 0
33.80 4.46 0
33.85 4.12 0
33.90 4.44 0
33.95 4.52 0
34.00 4.44 0
34.05 4.10 0
34.10 4.32 0
34.15 4.41 0
34.20 4.52 0
34.25 4.16 0
34.30 4.64 0
34.35 12.44 0
34.40 3.93 0
34.45 4.60 0
34.50 13.50 0
34.55 4.30 0
34.60 16.73 0
34.65 4.41 0
34.70 4.31 0
34.75 4.69 0
34.80 4.44 0
34.85 4.36 0
34.90 4.33 0
34.95 4.27 0
35.00 4.66 0
35.05 3.91 0
35.10 3.90 0
35.15 4.05 0
35.20 4.52 0
35.25 4.14 0
35.30 3.98 0
35.35 4.12 0
35.40 4.40 0
35.45 4.14 0
35.50 4.38 0
35.55 3.97 0
35.60 3.95 0
35.65 4.07 0
35.70 4.18 0
35.75 3.92 0
35.80 4.64 0
35.85 4.34 0
35.90 4.44 0
35.95 3.91 0
36.00 4.38 0
36.05 3.99 0
36.10 4.01 0
36.15 4.25 0
36.20 4.22 0
36.25 4.59 0
36.30 4.50 0
36.35 4.05 0
36.40 4.19 0
36.45 4.03 0
36.50 4.05 0
36.55 4.39 0
36.60 4.14 0
36.65 4.32 0
36.70 4.50 0
36.75 4.59 0
36.80 4.05 0
36.85 4.30 0
36.90 4.62 0
36.95 4.68 0
37.00 4.53 0
37.05 3.91 0
37.10 4.66 0
37.15 4.16 0
37.20 4.43 0
37.25 4.00 0
37.30 4.47 0
37.35 4.11 0
37.40 4.23 0
37.45 4.40 0
37.50 4.69 0
37.55 4.64 0
37.60 4.30 0
37.65 4.22 0
37.70 4.35 0
37.75 4.01 0
37.80 3.93 0
37.85 4.21 0
37.90 12.06 0
37.95 4.17 0
38.00 1.79 1
38.05 1.75 1
38.10 1.49 1
38.15 1.85 1
38.20 1.35 1
38.25 1.50 1
38.30 1.45 1
38.35 1.82 1
38.40 1.42 1
38.45 1.58 1
38.50 1.66 1
38.55 1.74 1
38.60 1.35 1
38.65 1.53 1
38.70 1.82 1
38.75 1.48 1
38.80 1.42 1
38.85 1.52 1
38.90 1.62 1
38.95 1.79 1
39.00 1.70 1
39.05 1.65 1
39.10 1.48 1
39.15 1.81 1
39.20 1.59 1
39.25 1.31 1
39.30 1.41 1
39.35 1.33 1
39.40 1.59 1
39.45 1.59 1
39.50 1.51 1
39.55 1.53 1
39.60 1.66 1
39.65 1.88 1
39.70 1.48 1
39.75 1.30 1
39.80 1.89 1
39.85 1.60 1
39.90 1.52 1
39.95 1.37 1
40.00 1.88 1
40.05 1.89 1
40.10 1.86 1
40.15 1.84 1
40.20 1.75 1
40.25 1.72 1
40.30 1.34 1
40.35 1.66 1
40.40 1.86 1
40.45 1.90 1
40.50 1.80 1
40.55 1.59 1
40.60 1.61 1
40.65 1.38 1
40.70 1.53 1
40.75 1.59 1
40.80 1.45 1
40.85 1.90 1
40.90 1.73 1
40.95 1.82 1
41.00 1.73 1
41.05 1.56 1
41.10 1.76 1
41.15 1.68 1
41.20 1.72 1
41.25 1.32 1
41.30 1.60 1
41.35 1.79 1
41.40 1.87 1
41.45 0.08 1
41.50 1.76 1
41.55 1.40 1
41.60 1.66 1
41.65 1.69 1
41.70 1.61 1
41.75 1.88 1
41.80 1.76 1
41.85 1.42 1
41.90 1.83 1
41.95 1.72 1
42.00 1.41 1
42.05 1.72 1
42.10 1.54 1
42.15 1.85 1
42.20 1.80 1
42.25 1.47 1
42.30 1.35 1
42.35 1.48 1
42.40 1.58 1
42.45 1.40 1
42.50 1.75 1
42.55 1.81 1
42.60 1.82 1
42.65 1.58 1
42.70 1.76 1
42.75 1.71 1
42.80 0.16 1
42.85 1.74 1
42.90 1.79 1
42.95 1.84 1
43.00 1.34 1
43.05 1.86 1
43.10 1.51 1
43.15 1.31 1
43.20 1.82 1
43.25 1.57 1
43.30 1.85 1
43.35 1.53 1
43.40 1.42 1
43.45 1.34 1
43.50 0.19 1
43.55 1.41 1
43.60 1.73 1
43.65 1.54 1
43.70 1.69 1
43.75 1.82 1
43.80 1.36 1
43.85 1.72 1
43.90 1.34 1
43.95 1.52 1
44.00 1.43 1
44.05 1.68 1
44.10 1.34 1
44.15 1.66 1
44.20 1.83 1
44.25 1.90 1
44.30 1.82 1
44.35 1.72 1
44.40 1.50 1
44.45 1.52 1
44.50 1.34 1
44.55 1.88 1
44.60 1.64 1
44.65 1.57 1
44.70 1.38 1
44.75 1.72 1
44.80 1.45 1
44.85 1.59 1
44.90 1.63 1
44.95 1.57 1
45.00 1.32 1
45.05 1.76 1
45.10 1.64 1
45.15 1.55 1
45.20 1.86 1
45.25 1.70 1
45.30 1.52 1
45.35 1.72 1
45.40 1.57 1
45.45 1.81 1
45.50 1.77 1
45.55 1.72 1
45.60 1.48 1
45.65 1.36 1
45.70 1.44 1
45.75 1.71 1
45.80 1.49 1
45.85 1.51 1
45.90 1.84 1
45.95 1.48 1
46.00 1.78 1
46.05 1.81 1
46.10 1.59 1
46.15 1.80 1
46.20 0.18 1
46.25 1.72 1
46.30 1.35 1
46.35 0.12 1
46.40 1.48 1
46.45 1.67 1
46.50 1.79 1
46.55 1.60 1
46.60 1.67 1
46.65 1.70 1
46.70 1.30 1
46.75 1.72 1
46.80 1.47 1
46.85 1.46 1
46.90 1.86 1
46.95 1.51 1
47.00 1.48 1
47.05 1.45 1
47.10 1.55 1
47.15 1.63 1
47.20 1.81 1
47.25 1.89 1
47.30 1.36 1
47.35 1.45 1
47.40 1.73 1
47.45 1.69 1
47.50 1.74 1
47.55 1.67 1
47.60 1.62 1
47.65 1.36 1
47.70 1.82 1
47.75 1.52 1
47.80 1.64 1
47.85 1.78 1
47.90 1.76 1
47.95 1.76 1
48.00 4.53 0
48.05 4.02 0
48.10 4.30 0
48.15 4.12 0
48.20 4.53 0
48.25 4.05 0
48.30 4.61 0
48.35 3.96 0
48.40 4.08 0
48.45 4.42 0
48.50 4.65 0
48.55 4.49 0
48.60 4.06 0
48.65 4.34 0
48.70 4.50 0
48.75 4.48 0
48.80 4.57 0
48.85 4.37 0
48.90 3.93 0
48.95 4.46 0
49.00 4.34 0
49.05 4.33 0
49.10 3.95 0
49.15 4.46 0
49.20 3.94 0
49.25 4.09 0
49.30 4.54 0
49.35 4.01 0
49.40 4.66 0
49.45 4.62 0
49.50 4.42 0
49.55 4.43 0
49.60 4.09 0
49.65 4.15 0
49.70 4.00 0
49.75 4.06 0
49.80 4.25 0
49.85 3.93 0
49.90 4.02 0
49.95 4.48 0
50.00 4.54 0
50.05 4.27 0
50.10 17.58 0
50.15 4.10 0
50.20 4.06 0
50.25 4.11 0
50.30 4.45 0
50.35 4.49 0
50.40 4.64 0
50.45 4.31 0
50.50 3.93 0
50.55 4.48 0
50.60 4.31 0
50.65 4.63 0
50.70 4.58 0
50.75 4.56 0
50.80 4.57 0
50.85 4.53 0
50.90 4.35 0
50.95 4.25 0
51.00 4.00 0
51.05 4.34 0
51.10 4.51 0
51.15 4.15 0
51.20 4.37 0
51.25 4.26 0
51.30 4.16 0
51.35 4.15 0
51.40 4.39 0
51.45 4.18 0
51.50 4.24 0
51.55 4.07 0
51.60 4.49 0
51.65 4.36 0
51.70 4.06 0
51.75 4.37 0
51.80 4.46 0
51.85 4.30 0
51.90 4.47 0
51.95 4.36 0
52.00 4.51 0
52.05 3.97 0
52.10 4.07 0
52.15 4.41 0
52.20 3.91 0
52.25 4.65 0
52.30 16.90 0
52.35 14.27 0
52.40 3.90 0
52.45 4.58 0
52.50 4.00 0
52.55 4.26 0
52.60 4.18 0
52.65 4.34 0
52.70 4.18 0
52.75 4.15 0
52.80 4.27 0
52.85 4.50 0
52.90 4.67 0
52.95 4.37 0
53.00 4.37 0
53.05 4.35 0
53.10 4.47 0
53.15 4.10 0
53.20 3.91 0
53.25 4.51 0
53.30 4.62 0
53.35 4.47 0
53.40 4.35 0
53.45 4.59 0
53.50 4.67 0
53.55 4.69 0
53.60 4.42 0
53.65 4.65 0
53.70 4.28 0
53.75 4.27 0
53.80 4.59 0
53.85 4.39 0
53.90 3.96 0
53.95 4.34 0
54.00 1.79 1
54.05 1.35 1
54.10 1.72 1
54.15 1.58 1
54.20 1.89 1
54.25 0.16 1
54.30 1.63 1
54.35 1.58 1
54.40 1.44 1
54.45 1.72 1
54.50 1.31 1
54.55 1.33 1
54.60 1.81 1
54.65 1.69 1
54.70 1.38 1
54.75 1.43 1
54.80 1.85 1
54.85 1.66 1
54.90 1.42 1
54.95 1.31 1
55.00 1.85 1
55.05 1.73 1
55.10 1.81 1
55.15 1.33 1
55.20 1.69 1
55.25 1.31 1
55.30 1.54 1
55.35 1.53 1
55.40 1.53 1
55.45 1.59 1
55.50 1.68 1
55.55 1.46 1
55.60 1.41 1
55.65 1.36 1
55.70 1.48 1
55.75 1.72 1
55.80 1.40 1
55.85 1.37 1
55.90 1.87 1
55.95 1.80 1
56.00 1.77 1
56.05 1.85 1
56.10 1.79 1
56.15 1.63 1
56.20 1.51 1
56.25 1.59 1
56.30 1.41 1
56.35 1.65 1
56.40 1.57 1
56.45 1.86 1
56.50 1.60 1
56.55 1.83 1
56.60 1.30 1
56.65 1.35 1
56.70 1.35 1
56.75 1.89 1
56.80 1.86 1
56.85 0.05 1
56.90 1.47 1
56.95 1.62 1
57.00 1.38 1
57.05 1.60 1
57.10 1.31 1
57.15 1.38 1
57.20 1.56 1
57.25 1.42 1
57.30 1.59 1
57.35 1.71 1
57.40 1.59 1
57.45 1.33 1
57.50 1.63 1
57.55 1.71 1
57.60 1.79 1
57.65 1.54 1
57.70 1.82 1
57.75 1.79 1
57.80 1.54 1
57.85 1.81 1
57.90 1.76 1
57.95 1.60 1
58.00 1.32 1
58.05 1.40 1
58.10 1.57 1
58.15 1.53 1
58.20 1.30 1
58.25 1.49 1
58.30 1.56 1
58.35 1.38 1
58.40 1.53 1
58.45 1.37 1
58.50 1.61 1
58.55 1.77 1
58.60 1.54 1
58.65 1.59 1
58.70 1.68 1
58.75 1.38 1
58.80 1.58 1
58.85 1.59 1
58.90 1.35 1
58.95 1.53 1
59.00 1.88 1
59.05 1.69 1
59.10 1.49 1
59.15 0.14 1
59.20 1.83 1
59.25 1.40 1
59.30 1.81 1
59.35 1.85 1
59.40 1.36 1
59.45 1.51 1
59.50 1.63 1
59.55 1.80 1
59.60 1.60 1
59.65 1.44 1
59.70 1.73 1
59.75 1.60 1
59.80 1.65 1
59.85 1.81 1
59.90 1.67 1
59.95 1.43 1
60.00 1.53 1
60.05 1.67 1
60.10 1.64 1
60.15 1.88 1
60.20 1.48 1
60.25 1.58 1
60.30 1.69 1
60.35 1.34 1
60.40 1.81 1
60.45 1.63 1
60.50 1.87 1
60.55 1.74 1
60.60 1.64 1
60.65 1.75 1
60.70 1.65 1
60.75 1.70 1
60.80 1.49 1
60.85 1.56 1
60.90 1.75 1
60.95 1.40 1
61.00 1.87 1
61.05 1.66 1
61.10 1.45 1
61.15 1.82 1
61.20 1.70 1
61.25 1.64 1
61.30 1.80 1
61.35 1.81 1
61.40 1.33 1
61.45 1.56 1
61.50 1.69 1
61.55 1.69 1
61.60 1.58 1
61.65 1.68 1
61.70 1.49 1
61.75 1.50 1
61.80 1.33 1
61.85 1.81 1
61.90 1.34 1
61.95 1.87 1
62.00 1.61 1
62.05 1.64 1
62.10 1.44 1
62.15 1.60 1
62.20 1.35 1
62.25 1.65 1
62.30 1.73 1
62.35 1.60 1
62.40 1.77 1
62.45 1.31 1
62.50 1.61 1
62.55 1.55 1
62.60 1.49 1
62.65 1.54 1
62.70 1.82 1
62.75 1.59 1
62.80 1.35 1
62.85 1.77 1
62.90 1.51 1
62.95 1.31 1
63.00 1.39 1
63.05 1.72 1
63.10 1.74 1
63.15 1.35 1
63.20 1.73 1
63.25 1.50 1
63.30 1.82 1
63.35 1.46 1
63.40 0.06 1
63.45 1.67 1
63.50 1.57 1
63.55 1.58 1
63.60 1.55 1
63.65 1.53 1
63.70 1.79 1
63.75 1.88 1
63.80 1.77 1
63.85 1.65 1
63.90 1.76 1
63.95 1.56 1
64.00 4.26 0
64.05 4.64 0
64.10 4.69 0
64.15 4.62 0
64.20 4.37 0
64.25 4.28 0
64.30 4.19 0
64.35 4.34 0
64.40 4.67 0
64.45 4.28 0
64.50 4.15 0
64.55 3.95 0
64.60 4.28 0
64.65 4.43 0
64.70 3.95 0
64.75 4.40 0
64.80 3.98 0
64.85 4.16 0
64.90 4.54 0
64.95 4.30 0
65.00 4.49 0
65.05 4.11 0
65.10 3.91 0
65.15 4.30 0
65.20 18.00 0
65.25 4.57 0
65.30 3.95 0
65.35 4.36 0
65.40 4.31 0
65.45 4.63 0
65.50 4.51 0
65.55 4.03 0
65.60 4.59 0
65.65 4.61 0
65.70 4.32 0
65.75 4.19 0
65.80 4.52 0
65.85 4.58 0
65.90 4.53 0
65.95 3.93 0
66.00 4.50 0
66.05 4.13 0
66.10 4.60 0
66.15 4.22 0
66.20 4.62 0
66.25 4.34 0
66.30 4.39 0
66.35 4.68 0
66.40 4.33 0
66.45 3.95 0
66.50 4.51 0
66.55 3.93 0
66.60 4.40 0
66.65 3.98 0
66.70 4.40 0
66.75 4.40 0
66.80 3.99 0
66.85 4.58 0
66.90 4.13 0
66.95 4.65 0
67.00 4.57 0
67.05 4.59 0
67.10 4.41 0
67.15 3.92 0
67.20 4.36 0
67.25 4.38 0
67.30 3.95 0
67.35 4.10 0
67.40 4.03 0
67.45 4.07 0
67.50 4.37 0
67.55 4.02 0
67.60 4.33 0
67.65 4.20 0
67.70 4.15 0
67.75 4.42 0
67.80 4.65 0
67.85 4.09 0
67.90 4.00 0
67.95 4.38 0
68.00 4.66 0
68.05 4.69 0
68.10 4.26 0
68.15 4.60 0
68.20 3.95 0
68.25 3.90 0
68.30 4.07 0
68.35 4.07 0
68.40 4.39 0
68.45 4.11 0
68.50 4.43 0
68.55 4.25 0
68.60 4.66 0
68.65 4.37 0
68.70 4.27 0
68.75 4.08 0
68.80 4.55 0
68.85 4.34 0
68.90 4.08 0
68.95 4.04 0
69.00 4.26 0
69.05 12.23 0
69.10 4.13 0
69.15 4.21 0
69.20 4.63 0
69.25 4.24 0
69.30 4.46 0
69.35 3.98 0
69.40 4.06 0
69.45 4.39 0
69.50 3.94 0
69.55 4.04 0
69.60 4.07 0
69.65 4.51 0
69.70 4.03 0
69.75 4.29 0
69.80 4.69 0
69.85 4.29 0
69.90 4.23 0
69.95 3.94 0
70.00 1.53 1
70.05 1.38 1
70.10 1.80 1
70.15 1.48 1
70.20 1.86 1
70.25 1.46 1
70.30 1.64 1
70.35 1.77 1
70.40 1.59 1
70.45 1.81 1
70.50 1.71 1
70.55 1.43 1
70.60 1.73 1
70.65 1.36 1
70.70 1.74 1
70.75 1.88 1
70.80 1.84 1
70.85 1.57 1
70.90 1.74 1
70.95 1.65 1
71.00 1.66 1
71.05 1.36 1
71.10 1.85 1
71.15 1.65 1
71.20 1.65 1
71.25 1.90 1
71.30 1.84 1
71.35 1.68 1
71.40 1.86 1
71.45 1.66 1
71.50 1.79 1
71.55 1.41 1
71.60 1.71 1
71.65 1.55 1
71.70 1.57 1
71.75 1.57 1
71.80 1.75 1
71.85 1.50 1
71.90 1.60 1
71.95 1.44 1
72.00 1.80 1
72.05 1.33 1
72.10 1.41 1
72.15 1.88 1
72.20 1.76 1
72.25 1.60 1
72.30 0.09 1
72.35 1.63 1
72.40 1.48 1
72.45 1.45 1
72.50 1.46 1
72.55 1.43 1
72.60 1.34 1
72.65 1.80 1
72.70 1.38 1
72.75 1.73 1
72.80 1.61 1
72.85 1.40 1
72.90 1.38 1
72.95 1.45 1
73.00 1.69 1
73.05 1.61 1
73.10 1.49 1
73.15 0.16 1
73.20 1.85 1
73.25 1.59 1
73.30 1.86 1
73.35 1.75 1
73.40 1.74 1
73.45 1.34 1
73.50 1.33 1
73.55 1.71 1
73.60 1.71 1
73.65 1.67 1
73.70 1.61 1
73.75 1.61 1
73.80 1.52 1
73.85 1.74 1
73.90 1.80 1
73.95 1.34 1
74.00 1.51 1
74.05 1.82 1
74.10 1.59 1
74.15 1.37 1
74.20 1.66 1
74.25 1.31 1
74.30 1.77 1
74.35 1.53 1
74.40 1.40 1
74.45 1.66 1
74.50 1.37 1
74.55 1.50 1
74.60 1.38 1
74.65 1.62 1
74.70 1.44 1
74.75 1.53 1
74.80 1.50 1
74.85 1.65 1
74.90 1.76 1
74.95 1.46 1
75.00 1.37 1
75.05 1.85 1
75.10 1.57 1
75.15 1.71 1
75.20 1.87 1
75.25 1.62 1
75.30 1.60 1
75.35 1.57 1
75.40 1.50 1
75.45 1.85 1
75.50 1.41 1
75.55 1.66 1
75.60 1.49 1
75.65 1.51 1
75.70 1.62 1
75.75 1.37 1
75.80 1.71 1
75.85 1.42 1
75.90 1.76 1
75.95 1.68 1
76.00 1.72 1
76.05 1.89 1
76.10 1.79 1
76.15 1.80 1
76.20 1.64 1
76.25 1.71 1
76.30 1.84 1
76.35 1.81 1
76.40 1.66 1
76.45 1.85 1
76.50 1.70 1
76.55 1.33 1
76.60 1.90 1
76.65 1.77 1
76.70 1.72 1
76.75 1.88 1
76.80 1.51 1
76.85 1.46 1
76.90 1.67 1
76.95 1.58 1
77.00 1.74 1
77.05 1.65 1
77.10 1.40 1
77.15 1.45 1
77.20 1.72 1
77.25 1.62 1
77.30 1.59 1
77.35 1.47 1
77.40 1.64 1
77.45 1.70 1
77.50 1.40 1
77.55 1.51 1
77.60 1.68 1
77.65 1.41 1
77.70 1.31 1
77.75 1.89 1
77.80 1.79 1
77.85 1.80 1
77.90 0.11 1
77.95 1.86 1
78.00 1.71 1
78.05 0.12 1
78.10 1.43 1
78.15 0.11 1
78.20 1.73 1
78.25 1.69 1
78.30 1.86 1
78.35 1.86 1
78.40 1.66 1
78.45 1.41 1
78.50 1.75 1
78.55 1.50 1
78.60 1.61 1
78.65 1.43 1
78.70 0.11 1
78.75 1.68 1
78.80 1.37 1
78.85 1.51 1
78.90 1.49 1
78.95 1.33 1
79.00 1.52 1
79.05 1.63 1
79.10 1.74 1
79.15 0.10 1
79.20 1.77 1
79.25 1.67 1
79.30 1.83 1
79.35 1.35 1
79.40 1.82 1
79.45 1.74 1
79.50 1.31 1
79.55 1.31 1
79.60 1.75 1
79.65 1.56 1
79.70 1.43 1
79.75 1.40 1
79.80 1.48 1
79.85 1.40 1
79.90 0.16 1
79.95 1.46 1
80.00 4.58 0
80.05 4.17 0
80.10 4.43 0
80.15 4.18 0
80.20 4.65 0
80.25 4.40 0
80.30 4.23 0
80.35 4.52 0
80.40 4.17 0
80.45 4.68 0
80.50 13.29 0
80.55 4.60 0
80.60 4.69 0
80.65 4.62 0
80.70 4.30 0
80.75 4.06 0
80.80 4.70 0
80.85 4.36 0
80.90 4.37 0
80.95 4.03 0
81.00 4.40 0
81.05 4.11 0
81.10 4.58 0
81.15 4.17 0
81.20 3.97 0
81.25 4.68 0
81.30 4.64 0
81.35 4.48 0
81.40 4.68 0
81.45 4.60 0
81.50 4.61 0
81.55 4.37 0
81.60 4.65 0
81.65 4.50 0
81.70 4.61 0
81.75 3.94 0
81.80 4.15 0
81.85 4.29 0
81.90 4.23 0
81.95 4.53 0
82.00 3.92 0
82.05 4.38 0
82.10 4.47 0
82.15 4.37 0
82.20 4.39 0
82.25 4.64 0
82.30 4.46 0
82.35 4.11 0
82.40 3.90 0
82.45 4.50 0
82.50 4.14 0
82.55 4.49 0
82.60 4.34 0
82.65 4.25 0
82.70 4.66 0
82.75 4.63 0
82.80 4.08 0
82.85 4.13 0
82.90 4.59 0
82.95 4.38 0
83.00 4.67 0
83.05 4.42 0
83.10 4.27 0
83.15 4.65 0
83.20 3.96 0
83.25 4.03 0
83.30 4.51 0
83.35 4.62 0
83.40 4.55 0
83.45 4.64 0
83.50 4.05 0
83.55 4.21 0
83.60 4.20 0
83.65 4.46 0
83.70 4.11 0
83.75 4.38 0
83.80 4.44 0
83.85 4.39 0
83.90 4.34 0
83.95 4.00 0
84.00 4.50 0
84.05 4.66 0
84.10 4.38 0
84.15 4.66 0
84.20 4.48 0
84.25 4.44 0
84.30 4.01 0
84.35 4.13 0
84.40 4.61 0
84.45 4.08 0
84.50 4.19 0
84.55 4.52 0
84.60 4.06 0
84.65 4.54 0
84.70 4.62 0
84.75 4.62 0
84.80 4.24 0
84.85 4.61 0
84.90 4.37 0
84.95 4.01 0
85.00 4.44 0
85.05 4.47 0
85.10 4.03 0
85.15 3.95 0
85.20 4.08 0
85.25 4.31 0
85.30 4.17 0
85.35 4.23 0
85.40 4.36 0
85.45 3.99 0
85.50 4.47 0
85.55 4.46 0
85.60 3.92 0
85.65 4.34 0
85.70 3.98 0
85.75 4.38 0
85.80 4.03 0
85.85 4.40 0
85.90 4.67 0
85.95 4.23 0
86.00 1.75 1
86.05 1.68 1
86.10 0.11 1
86.15 1.90 1
86.20 1.65 1
86.25 1.47 1
86.30 0.14 1
86.35 1.31 1
86.40 1.31 1
86.45 1.83 1
86.50 1.56 1
86.55 1.34 1
86.60 1.74 1
86.65 1.31 1
86.70 1.81 1
86.75 1.63 1
86.80 1.54 1
86.85 1.85 1
86.90 1.48 1
86.95 1.35 1
87.00 1.69 1
87.05 1.83 1
87.10 1.58 1
87.15 1.58 1
87.20 1.50 1
87.25 1.89 1
87.30 1.73 1
87.35 1.51 1
87.40 0.08 1
87.45 1.59 1
87.50 1.61 1
87.55 1.65 1
87.60 0.05 1
87.65 1.55 1
87.70 1.58 1
87.75 1.66 1
87.80 1.90 1
87.85 1.40 1
87.90 1.73 1
87.95 1.31 1
88.00 1.35 1
88.05 1.39 1
88.10 1.62 1
88.15 1.49 1
88.20 1.74 1
88.25 1.71 1
88.30 1.73 1
88.35 1.63 1
88.40 0.16 1
88.45 1.35 1
88.50 1.36 1
88.55 1.42 1
88.60 1.90 1
88.65 1.55 1
88.70 1.65 1
88.75 1.59 1
88.80 1.79 1
88.85 1.59 1
88.90 1.40 1
88.95 1.42 1
89.00 1.43 1
89.05 1.33 1
89.10 1.52 1
89.15 1.77 1
89.20 1.49 1
89.25 1.63 1
89.30 1.89 1
89.35 1.43 1
89.40 1.40 1
89.45 1.74 1
89.50 0.03 1
89.55 1.61 1
89.60 1.65 1
89.65 1.56 1
89.70 1.34 1
89.75 1.85 1
89.80 1.62 1
89.85 1.54 1
89.90 1.66 1
89.95 1.67 1
90.00 1.78 1
90.05 1.68 1
90.10 1.69 1
90.15 1.60 1
90.20 1.54 1
90.25 1.53 1
90.30 1.35 1
90.35 1.59 1
90.40 1.66 1
90.45 1.40 1
90.50 1.50 1
90.55 1.86 1
90.60 1.67 1
90.65 1.30 1
90.70 1.47 1
90.75 1.58 1
90.80 1.76 1
90.85 1.55 1
90.90 1.48 1
90.95 1.71 1
91.00 1.87 1
91.05 1.65 1
91.10 1.74 1
91.15 1.53 1
91.20 1.30 1
91.25 1.54 1
91.30 1.76 1
91.35 1.54 1
91.40 0.07 1
91.45 1.55 1
91.50 1.88 1
91.55 1.55 1
91.60 1.67 1
91.65 1.84 1
91.70 1.71 1
91.75 1.41 1
91.80 1.80 1
91.85 1.45 1
91.90 1.34 1
91.95 1.48 1
92.00 1.74 1
92.05 1.57 1
92.10 1.43 1
92.15 1.53 1
92.20 1.34 1
92.25 1.42 1
92.30 1.44 1
92.35 1.85 1
92.40 1.72 1
92.45 1.80 1
92.50 1.46 1
92.55 1.40 1
92.60 1.59 1
92.65 1.36 1
92.70 1.79 1
92.75 1.34 1
92.80 1.51 1
92.85 1.50 1
92.90 1.81 1
92.95 1.66 1
93.00 1.76 1
93.05 1.53 1
93.10 1.47 1
93.15 1.82 1
93.20 1.33 1
93.25 1.76 1
93.30 1.63 1
93.35 1.59 1
93.40 1.75 1
93.45 1.68 1
93.50 1.42 1
93.55 1.82 1
93.60 1.87 1
93.65 1.73 1
93.70 1.87 1
93.75 1.67 1
93.80 1.47 1
93.85 1.50 1
93.90 1.65 1
93.95 1.55 1
94.00 1.55 1
94.05 1.73 1
94.10 1.75 1
94.15 1.65 1
94.20 1.38 1
94.25 1.40 1
94.30 1.43 1
94.35 1.64 1
94.40 1.43 1
94.45 1.48 1
94.50 1.74 1
94.55 1.56 1
94.60 1.41 1
94.65 1.34 1
94.70 1.37 1
94.75 1.87 1
94.80 1.40 1
94.85 1.82 1
94.90 1.72 1
94.95 1.48 1
95.00 1.31 1
95.05 0.16 1
95.10 1.39 1
95.15 1.60 1
95.20 1.49 1
95.25 1.35 1
95.30 1.59 1
95.35 1.77 1
95.40 1.36 1
95.45 1.39 1
95.50 1.68 1
95.55 1.30 1
95.60 1.89 1
95.65 1.61 1
95.70 1.32 1
95.75 1.50 1
95.80 1.63 1
95.85 1.43 1
95.90 1.42 1
95.95 1.47 1
96.00 3.90 0
96.05 4.01 0
96.10 3.95 0
96.15 4.31 0
96.20 4.68 0
96.25 4.29 0
96.30 14.85 0
96.35 3.94 0
96.40 4.07 0
96.45 4.57 0
96.50 4.46 0
96.55 3.98 0
96.60 4.32 0
96.65 3.93 0
96.70 3.98 0
96.75 4.32 0
96.80 4.29 0
96.85 4.57 0
96.90 4.70 0
96.95 4.54 0
97.00 4.28 0
97.05 3.97 0
97.10 4.63 0
97.15 16.40 0
97.20 4.63 0
97.25 4.60 0
97.30 4.70 0
97.35 4.06 0
97.40 4.05 0
97.45 4.49 0
97.50 4.15 0
97.55 4.17 0
97.60 3.97 0
97.65 4.59 0
97.70 4.29 0
97.75 4.46 0
97.80 4.61 0
97.85 4.30 0
97.90 4.03 0
97.95 4.58 0
98.00 4.47 0
98.05 4.26 0
98.10 4.61 0
98.15 4.33 0
98.20 4.18 0
98.25 4.14 0
98.30 4.58 0
98.35 4.64 0
98.40 4.42 0
98.45 4.61 0
98.50 4.37 0
98.55 12.85 0
98.60 3.94 0
98.65 3.91 0
98.70 4.17 0
98.75 4.09 0
98.80 4.36 0
98.85 4.04 0
98.90 4.08 0
98.95 3.95 0
99.00 4.09 0
99.05 4.58 0
99.10 4.33 0
99.15 4.42 0
99.20 4.23 0
99.25 4.39 0
99.30 4.30 0
99.35 4.46 0
99.40 4.52 0
99.45 3.96 0
99.50 4.68 0
99.55 4.10 0
99.60 4.01 0
99.65 4.01 0
99.70 4.17 0
99.75 4.16 0
99.80 4.59 0
99.85 3.91 0
99.90 4.47 0
99.95 4.66 0
100.00 16.38 0
100.05 4.52 0
100.10 4.19 0
100.15 13.08 0
100.20 3.91 0
100.25 4.27 0
100.30 3.98 0
100.35 4.19 0
100.40 4.47 0
100.45 4.07 0
100.50 4.68 0
100.55 4.19 0
100.60 4.16 0
100.65 4.06 0
100.70 3.92 0
100.75 4.26 0
100.80 4.47 0
100.85 4.42 0
100.90 4.28 0
100.95 4.23 0
101.00 3.91 0
101.05 4.61 0
101.10 4.14 0
101.15 4.67 0
101.20 4.59 0
101.25 4.15 0
101.30 3.96 0
101.35 4.36 0
101.40 4.70 0
101.45 4.46 0
101.50 4.53 0
101.55 4.40 0
101.60 4.62 0
101.65 4.19 0
101.70 4.08 0
101.75 4.47 0
101.80 4.33 0
101.85 4.46 0
101.90 4.51 0
101.95 4.31 0
102.00 1.88 1
102.05 1.55 1
102.10 1.74 1
102.15 1.89 1
102.20 1.74 1
102.25 1.81 1
102.30 1.82 1
102.35 1.37 1
102.40 1.87 1
102.45 1.46 1
102.50 1.75 1
102.55 1.37 1
102.60 1.65 1
102.65 0.16 1
102.70 1.52 1
102.75 1.88 1
102.80 1.88 1
102.85 1.61 1
102.90 1.70 1
102.95 1.79 1
103.00 1.53 1
103.05 1.70 1
103.10 1.55 1
103.15 1.48 1
103.20 1.62 1
103.25 1.39 1
103.30 1.86 1
103.35 1.67 1
103.40 1.34 1
103.45 1.44 1
103.50 1.79 1
103.55 1.70 1
103.60 1.44 1
103.65 1.51 1
103.70 1.76 1
103.75 1.38 1
103.80 1.78 1
103.85 1.62 1
103.90 1.81 1
103.95 1.89 1
104.00 1.41 1
104.05 1.41 1
104.10 1.74 1
104.15 1.60 1
104.20 1.65 1
104.25 1.89 1
104.30 1.61 1
104.35 1.30 1
104.40 1.38 1
104.45 1.77 1
104.50 1.77 1
104.55 1.52 1
104.60 1.69 1
104.65 1.82 1
104.70 1.69 1
104.75 1.38 1
104.80 1.80 1
104.85 1.57 1
104.90 1.62 1
104.95 1.83 1
105.00 1.60 1
105.05 1.88 1
105.10 1.52 1
105.15 1.72 1
105.20 1.71 1
105.25 1.31 1
105.30 1.74 1
105.35 1.54 1
105.40 1.48 1
105.45 1.55 1
105.50 1.34 1
105.55 1.37 1
105.60 1.46 1
105.65 1.42 1
105.70 1.34 1
105.75 1.53 1
105.80 1.52 1
105.85 1.51 1
105.90 1.43 1
105.95 1.59 1
106.00 1.45 1
106.05 1.32 1
106.10 1.75 1
106.15 1.74 1
106.20 0.13 1
106.25 1.32 1
106.30 0.15 1
106.35 1.74 1
106.40 1.45 1
106.45 1.63 1
106.50 1.31 1
106.55 1.70 1
106.60 1.86 1
106.65 0.17 1
106.70 1.80 1
106.75 1.53 1
106.80 1.82 1
106.85 1.85 1
106.90 1.64 1
106.95 1.85 1
107.00 1.59 1
107.05 0.18 1
107.10 1.63 1
107.15 1.45 1
107.20 1.36 1
107.25 1.54 1
107.30 1.90 1
107.35 1.58 1
107.40 1.83 1
107.45 1.33 1
107.50 1.66 1
107.55 1.39 1
107.60 1.49 1
107.65 1.89 1
107.70 1.37 1
107.75 1.35 1
107.80 1.56 1
107.85 1.67 1
107.90 1.54 1
107.95 1.84 1
108.00 1.82 1
108.05 1.56 1
108.10 0.08 1
108.15 1.72 1
108.20 1.59 1
108.25 1.47 1
108.30 0.13 1
108.35 1.67 1
108.40 1.82 1
108.45 1.74 1
108.50 1.42 1
108.55 1.45 1
108.60 1.42 1
108.65 1.69 1
108.70 1.46 1
108.75 1.35 1
108.80 1.50 1
108.85 1.60 1
108.90 1.56 1
108.95 1.39 1
109.00 1.53 1
109.05 1.60 1
109.10 1.84 1
109.15 1.80 1
109.20 1.53 1
109.25 1.77 1
109.30 1.50 1
109.35 1.70 1
109.40 1.67 1
109.45 1.45 1
109.50 1.70 1
109.55 1.49 1
109.60 1.31 1
109.65 1.76 1
109.70 1.79 1
109.75 1.44 1
109.80 1.34 1
109.85 1.63 1
109.90 1.56 1
109.95 1.83 1
110.00 1.34 1
110.05 1.80 1
110.10 1.73 1
110.15 1.37 1
110.20 1.45 1
110.25 1.82 1
110.30 1.73 1
110.35 1.85 1
110.40 1.84 1
110.45 1.69 1
110.50 1.62 1
110.55 1.67 1
110.60 1.38 1
110.65 1.79 1
110.70 1.56 1
110.75 1.34 1
110.80 1.34 1
110.85 1.62 1
110.90 1.84 1
110.95 1.64 1
111.00 1.80 1
111.05 1.87 1
111.10 1.35 1
111.15 1.74 1
111.20 1.35 1
111.25 1.76 1
111.30 1.84 1
111.35 1.50 1
111.40 1.83 1
111.45 0.18 1
111.50 1.31 1
111.55 1.56 1
111.60 1.66 1
111.65 1.41 1
111.70 1.53 1
111.75 1.30 1
111.80 1.52 1
111.85 1.69 1
111.90 1.38 1
111.95 1.59 1
112.00 4.01 0
112.05 4.08 0
112.10 4.54 0
112.15 4.65 0
112.20 4.58 0
112.25 4.60 0
112.30 3.98 0
112.35 4.49 0
112.40 4.08 0
112.45 4.36 0
112.50 4.02 0
112.55 4.38 0
112.60 4.33 0
112.65 3.91 0
112.70 4.07 0
112.75 4.14 0
112.80 4.67 0
112.85 4.35 0
112.90 4.49 0
112.95 4.65 0
113.00 4.67 0
113.05 4.31 0
113.10 4.00 0
113.15 3.92 0
113.20 4.60 0
113.25 4.14 0
113.30 3.96 0
113.35 3.94 0
113.40 4.36 0
113.45 4.27 0
113.50 4.56 0
113.55 4.36 0
113.60 4.08 0
113.65 4.35 0
113.70 4.07 0
113.75 4.60 0
113.80 4.67 0
113.85 4.52 0
113.90 4.40 0
113.95 4.46 0
114.00 3.97 0
114.05 4.41 0
114.10 4.15 0
114.15 4.42 0
114.20 4.32 0
114.25 4.00 0
114.30 4.45 0
114.35 4.24 0
114.40 4.48 0
114.45 4.31 0
114.50 4.04 0
114.55 4.51 0
114.60 4.14 0
114.65 4.56 0
114.70 4.58 0
114.75 4.48 0
114.80 3.99 0
114.85 3.93 0
114.90 4.06 0
114.95 16.17 0
115.00 14.90 0
115.05 4.50 0
115.10 4.68 0
115.15 4.06 0
115.20 4.15 0
115.25 4.53 0
115.30 4.10 0
115.35 4.52 0
115.40 4.08 0
115.45 3.95 0
115.50 4.63 0
115.55 4.12 0
115.60 4.56 0
115.65 4.13 0
115.70 4.68 0
115.75 4.64 0
115.80 4.19 0
115.85 4.33 0
115.90 4.10 0
115.95 3.97 0
116.00 4.15 0
116.05 4.02 0
116.10 4.16 0
116.15 4.18 0
116.20 4.42 0
116.25 4.70 0
116.30 3.92 0
116.35 4.67 0
116.40 4.17 0
116.45 4.25 0
116.50 4.38 0
116.55 4.33 0
116.60 4.42 0
116.65 4.67 0
116.70 3.94 0
116.75 4.24 0
116.80 4.29 0
116.85 4.55 0
116.90 4.12 0
116.95 4.11 0
117.00 4.45 0
117.05 4.21 0
117.10 4.49 0
117.15 3.96 0
117.20 4.50 0
117.25 4.69 0
117.30 4.41 0
117.35 4.46 0
117.40 4.62 0
117.45 4.04 0
117.50 4.08 0
117.55 4.27 0
117.60 3.90 0
117.65 3.93 0
117.70 4.45 0
117.75 4.62 0
117.80 4.34 0
117.85 4.21 0
117.90 4.03 0
117.95 4.34 0
118.00 1.31 1
118.05 1.67 1
118.10 1.62 1
118.15 1.40 1
118.20 1.67 1
118.25 1.59 1
118.30 1.81 1
118.35 1.35 1
118.40 1.79 1
118.45 1.37 1
118.50 1.44 1
118.55 1.36 1
118.60 1.79 1
118.65 1.37 1
118.70 1.66 1
118.75 1.74 1
118.80 1.49 1
118.85 1.76 1
118.90 1.42 1
118.95 1.40 1
119.00 1.38 1
119.05 1.41 1
119.10 1.78 1
119.15 1.30 1
119.20 1.66 1
119.25 1.36 1
119.30 1.80 1
119.35 1.87 1
119.40 1.40 1
119.45 1.69 1
119.50 1.85 1
119.55 1.41 1
119.60 1.87 1
119.65 1.82 1
119.70 1.83 1
119.75 1.74 1
119.80 1.83 1
119.85 1.69 1
119.90 1.31 1
119.95 1.87 1
120.00 1.43 1
120.05 1.55 1
120.10 1.85 1
120.15 1.71 1
120.20 1.88 1
120.25 1.85 1
120.30 1.33 1
120.35 1.38 1
120.40 1.40 1
120.45 1.39 1
120.50 1.64 1
120.55 1.82 1
120.60 1.60 1
120.65 1.44 1
120.70 1.46 1
120.75 1.38 1
120.80 1.47 1
120.85 1.64 1
120.90 1.35 1
120.95 1.71 1
121.00 1.33 1
121.05 1.51 1
121.10 1.77 1
121.15 1.40 1
121.20 1.71 1
121.25 1.89 1
121.30 1.50 1
121.35 1.89 1
121.40 1.59 1
121.45 1.82 1
121.50 1.64 1
121.55 1.58 1
121.60 1.78 1
121.65 1.68 1
121.70 1.71 1
121.75 1.55 1
121.80 1.68 1
121.85 1.36 1
121.90 1.40 1
121.95 1.39 1
122.00 0.12 1
122.05 1.63 1
122.10 1.88 1
122.15 1.52 1
122.20 1.45 1
122.25 1.86 1
122.30 1.54 1
122.35 1.82 1
122.40 1.58 1
122.45 1.35 1
122.50 1.78 1
122.55 1.44 1
122.60 1.67 1
122.65 1.37 1
122.70 1.81 1
122.75 1.90 1
122.80 1.61 1
122.85 1.60 1
122.90 1.48 1
122.95 1.62 1
123.00 1.82 1
123.05 1.41 1
123.10 1.48 1
123.15 1.78 1
123.20 1.65 1
123.25 1.86 1
123.30 1.46 1
123.35 1.41 1
123.40 1.82 1
123.45 1.80 1
123.50 1.56 1
123.55 1.56 1
123.60 1.38 1
123.65 1.82 1
123.70 1.38 1
123.75 1.85 1
123.80 1.62 1
123.85 1.74 1
123.90 1.39 1
123.95 1.35 1
124.00 1.86 1
124.05 1.75 1
124.10 1.55 1
124.15 1.69 1
124.20 1.71 1
124.25 1.83 1
124.30 1.82 1
124.35 1.40 1
124.40 1.34 1
124.45 1.63 1
124.50 1.47 1
124.55 1.34 1
124.60 1.40 1
124.65 1.81 1
124.70 1.86 1
124.75 1.69 1
124.80 1.84 1
124.85 1.55 1
124.90 1.64 1
124.95 1.65 1
125.00 1.49 1
125.05 0.16 1
125.10 1.49 1
125.15 1.47 1
125.20 1.58 1
125.25 1.84 1
125.30 1.44 1
125.35 1.68 1
125.40 1.69 1
125.45 1.47 1
125.50 1.61 1
125.55 1.41 1
125.60 1.87 1
125.65 1.80 1
125.70 1.58 1
125.75 1.80 1
125.80 1.73 1
125.85 1.60 1
125.90 1.43 1
125.95 1.46 1
126.00 1.57 1
126.05 1.71 1
126.10 1.38 1
126.15 1.79 1
126.20 1.71 1
126.25 1.33 1
126.30 1.49 1
126.35 1.66 1
126.40 1.87 1
126.45 1.75 1
126.50 1.67 1
126.55 1.49 1
126.60 1.67 1
126.65 1.45 1
126.70 1.59 1
126.75 1.52 1
126.80 1.47 1
126.85 1.55 1
126.90 0.12 1
126.95 1.33 1
127.00 1.43 1
127.05 1.73 1
127.10 1.86 1
127.15 1.60 1
127.20 1.41 1
127.25 1.89 1
127.30 1.58 1
127.35 1.84 1
127.40 1.88 1
127.45 1.35 1
127.50 1.86 1
127.55 1.56 1
127.60 1.85 1
127.65 1.37 1
127.70 1.53 1
127.75 1.40 1
127.80 1.38 1
127.85 1.55 1
127.90 1.64 1
127.95 1.71 1
